6.740085e+01 
3.786570e+01 
4.528983e+01 
4.809546e+01 
4.412117e+01 
4.792281e+01 
4.609697e+01 
4.178708e+01 
3.898673e+01 
4.350751e+01 
4.545799e+01 
4.914974e+01 
5.017834e+01 
5.453322e+01 
5.722055e+01 
6.617489e+01 
6.947867e+01 
6.842583e+01 
6.962263e+01 
1.848380e+01 
2.639378e+01 
2.103801e+01 
1.852660e+01 
3.278456e+01 
2.096735e+01 
2.273118e+01 
2.700209e+01 
2.683847e+01 
2.508374e+01 
2.365602e+01 
3.321111e+01 
3.244346e+01 
3.058811e+01 
3.831861e+01 
3.342537e+01 
3.163963e+01 
3.876660e+01 
2.962719e+01 
6.120806e+01 
4.499246e+01 
5.449464e+01 
1.421027e+01 
3.154577e+01 
2.101009e+01 
2.991788e+01 
4.304978e+01 
4.850932e+01 
4.228817e+01 
4.074414e+01 
3.245119e+01 
5.622169e+01 
3.798216e+01 
1.744057e+01 
6.499965e+01 
2.475621e+01 
2.177149e+01 
3.326748e+01 
2.794646e+01 
3.264854e+01 
8.844919e+00 
2.292782e+01 
3.155287e+01 
3.325907e+01 
2.163063e+01 
2.322441e+01 
3.137446e+01 
3.103094e+01 
4.202473e+01 
2.138731e+01 
3.086753e+01 
2.978309e+00 
3.711030e+01 
4.228474e+01 
4.096704e+01 
1.231998e+01 
4.460728e+01 
3.823283e+01 
1.125657e+01 
2.284651e+01 
4.170915e+01 
1.010842e+01 
1.435959e+01 
6.056275e+01 
3.137443e+01 
5.214803e+01 
3.118274e+01 
4.297332e+01 
2.845590e+01 
1.639863e+01 
1.334792e+01 
3.025308e+01 
3.195344e+01 
3.680541e+01 
3.581430e+01 
3.222874e+01 
3.837443e+01 
4.915400e+01 
5.375579e+01 
3.201125e+01 
3.575758e+01 
3.550193e+01 
3.795215e+01 
4.512048e+01 
