6.578464e+01 
4.117141e+01 
4.213418e+01 
4.414463e+01 
4.445088e+01 
4.372135e+01 
4.617430e+01 
4.410137e+01 
4.108615e+01 
4.305334e+01 
4.436147e+01 
4.657373e+01 
5.315108e+01 
5.489026e+01 
6.393865e+01 
6.879677e+01 
7.062953e+01 
6.924087e+01 
7.277957e+01 
1.627281e+01 
2.279380e+01 
1.851717e+01 
1.710918e+01 
2.684062e+01 
1.883127e+01 
2.114320e+01 
2.390453e+01 
2.505510e+01 
2.322051e+01 
2.360675e+01 
3.095222e+01 
3.058695e+01 
2.776144e+01 
3.349358e+01 
3.156904e+01 
2.901895e+01 
3.572513e+01 
2.679668e+01 
5.550128e+01 
4.353899e+01 
5.259347e+01 
1.594266e+01 
2.841478e+01 
1.891051e+01 
2.937230e+01 
4.495429e+01 
4.852023e+01 
4.382415e+01 
4.074264e+01 
3.551587e+01 
5.365086e+01 
3.795826e+01 
2.177296e+01 
6.468913e+01 
2.584239e+01 
2.080946e+01 
3.423653e+01 
2.851419e+01 
3.226813e+01 
8.358242e+00 
2.055948e+01 
3.111589e+01 
3.253466e+01 
2.159267e+01 
2.336471e+01 
3.036039e+01 
3.002842e+01 
4.060729e+01 
1.318588e+01 
2.960267e+01 
5.289598e+00 
3.434158e+01 
4.441362e+01 
4.265583e+01 
1.300544e+01 
4.319655e+01 
3.919295e+01 
1.626408e+01 
2.192034e+01 
4.613020e+01 
1.025219e+01 
1.451214e+01 
6.505809e+01 
3.296074e+01 
5.096616e+01 
3.311322e+01 
4.057572e+01 
2.637468e+01 
1.579807e+01 
1.009873e+01 
3.236580e+01 
2.907839e+01 
3.299153e+01 
3.398893e+01 
2.973452e+01 
3.569325e+01 
4.687364e+01 
5.142554e+01 
3.026178e+01 
3.319479e+01 
3.381567e+01 
3.353473e+01 
4.456168e+01 
